1 12888
1 49583
1 1
1 4733
1 5761
1 10845
1 11210
1 26875
1 37882
1 39167
1 39988
1 43922
1 45974
1 47202
1 47483
1 47849
1 48131
1 48895
1 52222
1 34944
1 50059
1 4489
1 5910
1 11663
1 12147
1 12956
1 32489
1 37163
1 44593
1 48076
1 54035
1 3180
1 4824
1 14847
1 17019
1 31989
1 33412
1 40168
1 45056
1 48406
1 54945
1 47484
2 16759
2 1
2 15161
2 30033
2 45131
2 49579
3 51751
3 2
3 18917
3 6880
3 26621
3 34347
3 22666
3 57000
4 12852
4 15783
4 39452
4 22820
4 29002
4 41332
4 16613
4 16598
4 19169
4 26412
4 10165
4 34653
4 12158
4 21917
4 7309
4 28602
4 43861
4 46326
4 32568
4 10850
4 26975
4 49964
4 50938
4 50814
4 22187
4 10433
4 33907
4 43135
4 42998
4 35733
4 32371
4 54201
4 2
4 55232
4 55427
4 13703
4 22384
4 34707
4 40219
4 43189
4 44438
5 32881
5 2
6 18607
6 18981
6 23650
6 3
6 9016
6 30802
7 31711
7 19299
7 24465
7 3
7 34694
8 4
8 7898
8 23210
8 882
8 3638
8 6065
9 10721
9 5
9 43944
9 37637
9 13035
9 35137
9 828
10 20212
10 5
10 15402
10 24207
10 31288
11 2918
11 6482
11 10980
11 11964
11 13527
11 32873
11 6
11 1231
11 9200
11 9210
11 9216
11 12393
11 23905
12 7
12 48244
12 15457
13 23033
13 7
13 23114
13 37808
13 47763
13 4356
13 21233
14 2266
14 26399
14 8
15 9
15 13992
15 8493
15 24718
16 9
16 6648
16 7789
16 7792
16 10357
16 15242
16 24620
16 25943
16 28665
16 51246
16 30492
17 13679
17 33258
17 18181
17 39621
17 10
18 16792
18 35037
18 45366
18 47134
18 52711
18 11
19 12
19 21192
19 21456
19 42524
19 50474
20 13403
20 131
20 120
20 1677
20 13
20 53117
21 13
21 14987
21 15936
21 40853
21 41343
21 47047
21 47958
21 50099
21 50203
21 54882
22 41158
22 14
22 33293
22 32624
22 53543
23 15
23 18198
23 32834
23 32839
23 32840
23 33312
23 33314
23 37938
24 32534
24 37177
24 21840
24 16
24 10788
24 25677
24 43059
25 16498
25 16
25 49802
26 3275
26 49072
26 52800
26 53629
26 54503
26 55695
26 54286
26 45735
26 16
26 760
27 16
27 28775
27 37692
27 24957
27 19978
27 787
27 52868
27 27792
27 31256
27 31268
28 49699
28 16
28 41634
28 54872
28 24868
28 51451
29 16
29 50030
29 53055
30 26308
30 1689
30 24543
30 52374
30 16
30 37092
31 16
31 49455
31 47437
31 19396
31 44066
31 48895
31 21613
31 22720
31 30709
31 43343
31 54342
31 52768
31 795
31 39650
31 54072
31 54583
32 16
32 24333
32 42209
32 21980
32 54309
32 55710
33 32740
33 34133
33 26875
33 16
33 1548
33 24461
33 50830
33 30415
33 41625
33 21889
33 46714
33 48084
33 28738
33 45027
33 41634
33 30509
33 28157
33 44870
33 26889
33 35899
33 50074
34 40276
34 41503
34 8119
34 28486
34 28812
34 47315
34 16
35 42316
35 21615
35 32818
35 16
35 10853
36 16
36 47313
36 48855
37 705
37 2569
37 12480
37 32480
37 1191
37 17
37 11808
37 25730
37 30926
38 2665
38 11166
38 17
38 19159
38 20833
39 100
39 6512
39 8762
39 3018
39 42260
39 17
40 13214
40 15843
40 34949
40 47012
40 18
40 48179
40 11204
40 55323
40 1140
40 22040
40 32371
40 37896
41 1285
41 3951
41 4797
41 10548
41 6940
41 5219
41 15159
41 16602
41 18482
41 32410
41 37411
41 38197
41 9653
41 30448
41 50206
41 3980
41 39880
41 43596
41 18
41 52428
41 2297
41 26752
41 34129
41 34786
41 38196
41 48017
41 51990
41 53304
42 8066
42 21025
42 21342
42 1480
42 54758
42 18
43 5499
43 18
43 31708
44 26218
44 39492
44 47095
44 48217
44 19
44 22709
45 19
45 15398
45 15406
45 22782
45 27803
45 39309
45 39406
45 47095
46 34067
46 18486
46 20
46 11581
46 19935
47 1448
47 3504
47 13791
47 27602
47 20
47 679
47 36840
48 24593
48 30056
48 35211
48 45356
48 9357
48 23076
48 23998
48 29344
48 50118
48 52074
48 54088
48 27516
48 34914
48 47893
48 21
48 20214
48 26220
48 27565
48 32800
48 44848
48 49501
48 55107
49 21
49 7434
49 16639
50 5530
50 8763
50 21
50 6560
50 12709
50 13974
50 51906
50 52060
51 677
51 11128
51 21
51 7022
52 24771
52 25059
52 35680
52 6835
52 11463
52 12870
52 5438
52 15679
52 39092
52 31306
52 20025
52 30757
52 33299
52 21
52 15719
52 18528
52 35132
52 2154
52 25287
52 26667
52 19393
53 22
53 22830
53 33301
53 34712
53 35733
53 36573
54 1096
54 33548
54 38242
54 44338
54 33734
54 39820
54 49002
54 31855
54 55867
54 19397
54 30032
54 48511
54 53014
54 53832
54 55068
54 23
54 32020
54 2589
55 52948
55 1537
55 53649
55 53704
55 23
55 53220
55 53988
55 54541
55 54638
55 55742
55 38242
55 51069
55 30426
55 57016
55 53706
55 53808
55 55238
55 53637
55 54003
55 21047
55 55586
55 52270
55 55067
55 55686
56 23
56 36355
56 14699
56 37469
56 22601
56 44487
56 648
57 559
57 1398
57 28636
57 1356
57 21283
57 20951
57 12146
57 32597
57 18024
57 14294
57 24543
57 28062
57 25209
57 35096
57 18877
57 5187
57 29720
57 38487
57 52088
57 43989
57 12727
57 17512
57 3982
57 26167
57 53165
57 8307
57 53424
57 54566
57 48864
57 50126
57 18486
57 22274
57 571
57 20678
57 44848
57 15855
57 17892
57 30668
57 806
57 6068
57 15443
57 24
58 8784
58 9873
58 10175
58 24
58 9220
58 10853
58 27550
58 30304
58 42825
58 54709
58 55873
59 5130
59 24130
59 27993
59 28075
59 37164
59 51734
59 24
59 30525
59 36701
59 37489
60 19978
60 15526
60 30074
60 42456
60 35850
60 54852
60 24
60 40900
60 50030
60 48895
61 30069
61 26334
61 35037
61 51089
61 24
61 50047
61 53171
62 24
62 464
62 13785
62 16436
62 22991
62 24437
62 40419
62 54131
62 5711
62 39473
62 52271
62 48379
63 54849
63 34460
63 40621
63 53243
63 24
63 5705
63 9273
63 43862
63 56178
64 29871
64 45293
64 24
64 24760
64 50031
64 55440
65 24
65 34362
65 40419
66 30885
66 48667
66 42199
66 24
66 11179
66 11300
66 43184
67 24
67 2962
67 19403
67 9873
67 4356
68 46061
68 52242
68 24
68 5107
68 26674
68 15331
68 28580
69 24926
69 41624
69 24
69 48115
69 408
69 24557
69 45394
69 48958
69 50722
70 12083
70 11180
70 1694
70 5394
70 10315
70 13875
70 729
70 7726
70 1243
70 32829
70 30948
70 37085
70 30723
70 33400
70 11588
70 12407
70 38111
70 14378
70 41331
70 48521
70 37620
70 20443
70 33846
70 53578
70 33095
70 35922
70 25
71 9131
71 27671
71 25
71 902
71 2115
71 2127
71 5104
71 5781
71 7002
71 9999
71 10031
71 12842
71 15678
71 16277
71 16786
71 19137
71 20838
71 21992
71 22700
71 23384
71 24485
71 25913
71 26831
71 27552
71 28328
71 28590
71 28785
71 30376
71 32953
71 33511
71 38175
71 40767
71 41979
71 42527
71 44220
71 47726
71 49263
71 51152
71 51796
71 52195
71 41502
72 25
72 2352
72 10372
72 13177
72 1096
72 24925
73 25
73 2301
73 10226
73 27964
73 29754
73 41039
74 21950
74 28607
74 30980
74 24494
74 23157
74 25817
74 14655
74 40138
74 25
74 40254
75 49591
75 25
75 28761
75 41275
75 45669
76 6158
76 26
76 53459
76 10369
76 17692
76 41337
76 49014
76 53919
76 7261
77 26
77 9307
77 17614
77 1118
77 47810
77 5876
77 2649
78 25350
78 27497
78 50386
78 53179
78 27
79 27
79 22577
79 34889
79 36427
79 40794
79 41903
79 49631
80 27
80 1840
80 2391
80 12120
80 19858
80 38106
81 28
81 21795
81 33846
81 34799
81 39188
82 10432
82 28
82 4489
82 9625
82 11869
83 28002
83 28
84 36114
84 4236
84 1817
84 4524
84 11073
84 24991
84 4443
84 11786
84 4780
84 5805
84 8221
84 33733
84 44477
84 50803
84 4509
84 13023
84 28
84 48658
84 32968
84 38903
85 236
85 4155
85 4335
85 8728
85 8948
85 16718
85 29
86 9013
86 11718
86 36983
86 29
86 7057
86 21817
87 30
87 22092
87 23114
87 39191
87 41350
87 40861
88 30
88 41086
89 31
89 15075
89 24385
89 25604
89 26095
90 32
90 21629
90 38519
91 52024
91 31850
91 38274
91 32889
91 32
91 8666
91 30922
92 32
92 26435
92 7784
92 722
92 50363
92 27799
93 33
93 1589
93 10914
93 10915
93 23120
93 23150
93 29609
94 28672
94 34791
94 42555
94 41152
94 30027
94 45017
94 450
94 40990
94 942
94 32488
94 40639
94 45018
94 47700
94 32778
94 50093
94 42793
94 33
94 29252
94 32007
94 32008
94 45070
94 50549
94 34453
94 45737
94 33520
94 41769
94 52981
94 15843
94 16668
94 21354
94 42858
95 28854
95 26727
95 25664
95 35067
95 35132
95 36894
95 3127
95 3505
95 4636
95 15306
95 20178
95 20285
95 7626
95 12855
95 13822
95 25264
95 28356
95 33751
95 4361
95 8943
95 11054
95 11630
95 16744
95 19307
95 7112
95 13217
95 18469
95 24535
95 38355
95 34
95 32226
95 32935
95 11607
95 22696
95 33707
95 14133
95 2266
95 32740
95 1480
95 20773
95 42998
95 3581
95 49596
95 45092
95 15176
95 29679
95 42228
95 43434
95 29335
95 23997
95 37057
95 50245
95 37122
95 45562
96 4567
96 8772
96 25149
96 5216
96 11056
96 13242
96 21830
96 11330
96 33893
96 34452
96 37024
96 34
96 3275
96 6186
96 16737
96 32601
96 30853
97 17524
97 33654
97 34
98 25715
98 34
98 11345
98 18748
98 30559
99 34
99 34797
99 14541
99 30913
99 30917
99 7466
99 8768
99 1763
99 29310
99 48939
99 49601
99 38527
99 25497
99 45037
99 997
99 49683
99 52484
