1 1
1 2
1 3
1 4
1 5
1 6
1 7
1 8
1 9
1 10
1 11
1 12
1 13
1 14
1 15
1 16
1 17
1 18
1 19
1 20
1 21
1 22
1 23
1 24
1 25
1 26
1 27
1 28
1 29
1 30
1 31
1 32
1 33
1 34
1 35
1 36
1 37
1 38
1 39
1 40
1 41
1 42
1 43
1 44
1 45
1 46
1 47
1 48
1 49
1 50
1 51
1 52
1 53
1 54
1 55
1 56
1 57
1 58
1 59
1 60
1 61
1 62
1 63
1 64
1 65
1 66
1 67
1 68
1 69
1 70
1 71
1 72
1 73
1 74
1 75
1 76
1 77
1 78
1 79
2 80
2 81
2 82
2 83
2 84
2 85
2 86
2 87
2 88
2 89
2 90
2 91
2 92
2 93
2 94
2 95
2 10
2 96
2 47
2 44
2 46
2 20
2 63
2 53
2 51
2 52
2 97
2 65
2 32
2 98
2 99
2 100
2 101
2 102
2 103
2 104
2 105
2 61
2 106
2 75
2 107
2 58
2 108
2 109
2 110
2 50
2 111
2 112
2 113
2 114
2 115
2 116
2 117
2 118
2 119
2 120
2 121
2 122
2 123
2 124
2 39
2 125
2 126
2 127
2 38
2 128
2 129
2 130
2 131
2 132
2 40
2 133
2 134
2 135
2 136
2 137
2 138
3 139
3 140
3 3
3 141
3 142
3 143
3 144
3 145
3 146
3 147
3 148
3 149
3 150
3 1
3 13
3 151
3 4
3 152
3 153
3 154
3 155
3 156
3 157
3 158
3 159
3 160
3 161
3 162
3 163
3 164
3 165
3 166
3 167
3 168
3 169
3 170
3 171
3 172
3 173
3 174
3 175
3 176
3 177
3 178
3 179
3 180
3 181
3 182
3 183
3 184
3 185
3 186
3 187
3 39
3 188
3 189
3 190
3 191
3 192
3 193
3 194
3 195
3 196
3 197
3 198
3 199
3 200
3 201
3 202
3 203
3 204
3 205
3 206
3 207
3 208
3 209
3 210
3 211
3 212
3 213
3 214
3 215
3 216
3 217
3 218
3 219
3 220
3 221
3 222
3 223
3 224
3 225
3 9
3 226
3 227
3 228
3 16
3 7
3 229
3 230
3 231
3 14
3 232
3 233
3 234
3 235
3 236
3 237
3 42
3 238
3 239
3 240
3 44
3 241
3 242
3 243
3 244
3 94
3 19
3 245
3 109
3 246
3 247
3 46
3 2
3 248
3 249
4 250
4 13
4 251
4 70
4 252
4 81
4 237
4 150
4 253
4 27
4 143
4 254
4 236
4 196
4 229
4 255
4 256
4 179
4 167
4 172
4 157
4 257
4 39
4 199
4 258
4 29
4 259
4 260
5 261
5 239
5 262
5 263
5 150
5 264
5 39
5 265
5 266
5 147
5 267
5 268
5 146
5 228
5 269
5 270
5 226
5 94
5 153
5 271
5 272
5 273
5 274
5 275
5 241
5 276
5 277
5 188
5 278
5 279
5 280
5 281
5 282
5 283
5 284
5 285
5 286
5 151
5 287
5 288
5 289
5 290
5 291
5 40
5 292
5 293
5 294
5 7
5 295
5 225
5 145
5 296
5 297
5 298
5 19
5 227
5 299
5 300
5 42
5 301
5 302
5 303
5 304
5 233
5 305
5 306
5 307
5 308
5 309
5 310
5 109
5 311
5 312
5 313
5 314
5 315
5 316
5 317
5 236
5 318
5 179
5 319
5 320
5 321
5 229
5 322
5 323
5 324
5 325
5 326
5 327
5 328
5 329
5 330
5 331
5 165
5 332
5 157
5 333
5 334
5 335
5 158
5 143
5 336
5 337
5 338
5 339
5 340
5 4
5 240
5 341
5 342
5 343
5 344
5 345
5 346
5 347
5 348
5 349
5 350
5 166
5 351
5 352
5 353
5 161
5 62
5 354
5 111
5 355
5 356
5 6
5 357
5 358
5 359
5 155
5 360
5 361
5 362
5 187
5 52
5 238
5 363
5 185
5 364
5 365
5 366
5 367
5 163
5 368
5 369
5 3
5 2
5 370
5 371
5 372
5 373
5 374
5 375
5 160
5 172
5 376
5 377
5 378
5 379
5 380
5 381
5 382
5 383
5 384
5 51
5 167
5 385
5 386
5 50
5 159
5 180
5 387
5 388
5 389
5 390
5 391
5 392
5 170
5 393
5 394
5 24
5 395
5 396
5 48
5 171
5 397
5 398
5 399
5 400
5 401
5 402
5 403
5 404
5 405
5 406
5 407
5 259
5 408
5 409
5 410
5 411
5 45
5 412
5 413
5 101
5 414
5 415
6 416
6 145
6 417
6 418
6 147
6 419
6 337
6 420
6 421
6 422
6 423
6 424
6 425
6 266
6 426
6 304
6 427
6 428
6 429
6 430
6 95
6 282
6 431
6 293
6 228
6 432
6 279
6 295
6 433
6 302
6 288
6 434
6 435
6 436
6 437
6 438
6 439
6 308
6 269
6 440
6 441
6 285
6 442
6 443
6 241
6 444
6 445
6 307
6 338
6 446
6 312
6 447
6 448
6 322
6 449
6 450
6 451
6 452
6 341
6 453
6 454
6 455
6 456
6 457
6 280
6 227
6 458
6 42
6 459
6 460
6 461
6 462
6 12
6 7
6 463
6 464
6 286
6 254
6 465
6 466
6 238
6 467
6 275
6 151
6 305
6 315
6 415
6 468
6 469
6 470
6 471
6 303
6 472
6 473
6 347
6 348
6 30
6 474
6 281
6 475
6 396
6 291
6 94
6 476
6 477
6 354
6 478
6 479
6 480
6 284
6 311
6 362
6 481
6 326
6 375
6 482
6 483
6 484
6 335
6 485
6 486
6 487
6 381
6 488
6 364
6 345
6 489
6 490
6 491
6 492
6 361
6 340
6 353
6 493
6 494
6 152
6 495
6 496
6 497
6 498
6 499
6 365
6 395
6 500
6 404
6 501
6 502
6 399
6 503
6 504
6 505
6 143
6 506
6 507
6 508
6 509
6 510
6 511
6 512
6 513
6 514
6 408
6 392
6 515
6 318
6 516
6 517
6 166
6 518
6 519
6 520
6 521
6 522
6 523
6 390
6 154
6 368
6 524
6 53
6 525
6 242
6 526
6 527
6 528
6 529
6 530
6 6
6 531
6 532
6 533
6 374
6 259
6 534
6 535
6 360
6 536
6 346
6 537
6 538
6 539
6 247
6 540
6 541
6 542
6 543
6 47
6 544
6 545
6 546
6 394
6 547
6 548
6 175
6 549
6 196
6 550
6 200
6 551
6 552
6 553
6 393
6 351
6 163
6 554
6 555
6 185
6 386
6 556
6 557
6 379
6 558
6 559
6 560
6 561
6 199
6 403
6 562
6 167
6 563
6 373
6 564
6 565
6 566
6 567
6 568
6 569
6 250
6 570
6 2
6 571
6 572
6 210
6 171
6 212
6 573
6 574
6 575
6 576
6 577
6 60
6 578
6 579
6 580
6 581
6 582
6 583
6 195
6 584
6 585
6 61
6 586
6 587
6 72
6 588
6 589
6 590
6 64
6 591
6 592
6 78
7 593
7 315
7 559
7 4
7 146
7 594
7 282
7 420
7 288
7 595
7 596
7 293
7 10
7 281
7 597
7 475
7 25
7 273
7 307
7 480
7 598
7 528
7 371
7 324
7 8
7 16
7 599
7 529
7 600
7 289
7 601
7 240
7 305
7 602
7 474
7 280
7 603
7 604
7 20
7 358
7 605
7 459
7 514
7 284
7 606
7 387
7 313
7 465
7 607
7 395
7 608
7 609
7 507
7 610
7 510
7 154
7 24
7 86
7 485
7 611
7 612
7 613
7 532
7 614
7 615
7 616
7 149
7 617
7 461
7 618
7 619
7 620
7 17
7 342
7 621
7 496
7 491
7 622
7 623
7 624
7 549
7 625
7 626
7 627
7 628
7 629
7 320
7 630
7 631
7 632
7 522
7 340
7 511
7 633
7 378
7 545
7 151
7 12
7 501
7 285
7 44
7 400
7 322
7 453
7 634
7 635
7 636
7 46
7 637
7 638
7 639
7 640
7 375
7 343
7 390
7 499
7 523
7 641
7 108
7 642
8 19
8 37
8 161
8 643
8 644
8 167
8 194
8 62
8 645
8 224
8 646
8 647
8 648
8 649
8 41
8 96
8 42
8 46
8 20
8 650
8 107
8 651
8 652
8 653
8 654
8 522
8 655
8 656
8 657
8 658
8 49
8 659
8 105
8 660
8 56
8 390
8 661
8 662
8 663
8 664
8 108
8 665
8 583
8 666
8 642
8 667
8 668
8 669
8 404
8 245
8 16
8 11
8 225
8 7
8 146
8 147
8 240
8 331
8 515
9 145
9 670
9 216
9 440
9 671
9 278
9 237
9 150
9 158
9 478
9 143
9 179
9 153
9 236
9 229
9 253
9 255
9 29
