1 12179
1 4675
1 11374
1 1807
1 8919
1 9043
1 2425
1 9123
1 3828
1 8350
1 6472
1 12631
1 9591
1 5811
1 1572
1 10894
1 10209
1 2311
1 12225
1 6747
1 7557
1 11482
1 2103
1 3485
1 7291
1 11875
1 10621
1 11235
1 4055
1 5061
1 8079
1 13037
1 8
1 10189
1 9109
1 9681
1 19
1 10365
1 10183
1 1573
1 5225
1 8157
1 8747
1 10300
1 2516
1 5000
1 7560
1 5602
1 4719
1 3987
1 12466
1 3367
1 3650
1 8088
1 11409
1 12590
1 6679
1 6867
1 11185
1 12381
1 110
1 1134
1 3489
1 3731
1 5155
1 5881
1 5968
1 9536
1 12890
1 160
1 790
1 4273
1 4947
1 6433
1 6469
1 6703
1 7527
1 9263
1 11248
1 12081
1 1
1 199
1 1088
1 9432
1 10088
1 147
1 616
1 767
1 1100
1 1206
1 1330
1 1469
1 1560
1 1986
1 2007
1 2292
1 2570
1 3240
1 3634
1 3838
1 4178
1 4688
1 4895
1 5030
1 5185
1 5249
1 5251
1 5762
1 6166
1 6589
1 6775
1 6853
1 7151
1 7203
1 7225
1 7262
1 8326
1 8432
1 9074
1 9594
1 9697
1 9793
1 9971
1 9975
1 10361
1 10367
1 10789
1 11025
1 11102
1 11292
1 11349
1 11407
1 11535
1 11771
1 12047
1 12222
1 12483
1 12891
1 12920
1 1563
1 2832
1 4230
1 4528
1 9584
1 10084
1 8112
2 11394
2 10654
2 5933
2 13037
2 3485
2 2
3 1309
3 2051
3 2792
3 2994
3 2809
3 3354
3 3854
3 4579
3 4966
3 5849
3 5987
3 6120
3 6337
3 6580
3 6949
3 7171
3 7343
3 7695
3 8113
3 8213
3 10233
3 10294
3 10711
3 10856
3 10881
3 10945
3 11631
3 11497
3 11639
3 12691
3 5927
3 12050
3 1438
3 2485
3 3095
3 5028
3 5239
3 7136
3 7808
3 8371
3 10285
3 11122
3 11917
3 12679
3 12956
3 1385
3 11658
3 10859
3 2708
3 125
3 10826
3 4996
3 4023
3 3
4 6012
4 554
4 9656
4 162
4 3718
4 5643
4 7226
4 1431
4 6716
4 12539
4 2983
4 11574
4 11831
4 2129
4 5557
4 12405
4 6956
4 717
4 1104
4 2505
4 11620
4 12977
4 8637
4 9045
4 6214
4 7871
4 10061
4 9721
4 3602
4 5829
4 8725
4 12152
4 3882
4 8457
4 9956
4 10142
4 2000
4 6551
4 5695
4 6440
4 8143
4 4511
4 10117
4 5408
4 6300
4 10464
4 10944
4 3107
4 3964
4 12381
4 11677
4 4056
4 7939
4 10836
4 9061
4 6434
4 5906
4 448
4 8088
4 2398
4 5005
4 8900
4 6053
4 650
4 6312
4 1552
4 930
4 9578
4 2026
4 8680
4 8388
4 3822
4 13044
4 6506
4 7900
4 8318
4 3812
4 96
4 277
4 11845
4 4485
4 5675
4 6528
4 2743
4 4044
4 12884
4 10401
4 11026
4 7873
4 2169
4 4650
4 8872
4 7662
4 7462
4 3030
4 7923
4 3921
4 8521
4 10536
4 8543
4 2428
4 5967
4 2536
4 11083
4 7008
4 221
4 2452
4 7151
4 9377
4 11216
4 78
4 4961
4 8532
4 9150
4 1463
4 10678
4 11882
4 10135
4 3182
4 5395
4 7330
4 2868
4 3301
4 5062
4 38
4 1547
4 6961
4 12327
4 5568
4 5406
4 864
4 1934
4 9422
4 7450
4 8936
4 3391
4 7600
4 2259
4 5207
4 12206
4 9078
4 12412
4 1137
4 7140
4 7477
4 4895
4 6239
4 439
4 4942
4 6878
4 5913
4 12644
4 6829
4 1427
4 327
4 8575
4 5192
4 6400
4 8302
4 8566
4 1046
4 424
4 12218
4 13025
4 11805
4 821
4 6158
4 3679
4 11238
4 263
4 701
4 8311
4 11087
4 8523
4 2222
4 1697
4 12895
4 12927
4 13043
4 3083
4 6282
4 5061
4 12655
4 2012
4 4484
4 10577
4 2914
4 11907
4 9953
4 2954
4 535
4 3662
4 8180
4 5537
4 6294
4 874
4 598
4 1453
4 618
4 2212
4 1955
4 3771
4 791
4 8195
4 3013
4 9036
4 9314
4 36
4 1947
4 4706
4 4718
4 4133
4 8358
4 3
4 5312
4 4588
4 3308
4 11148
4 12930
4 6463
4 1777
4 6418
4 9181
4 2021
4 10608
4 6466
4 7934
4 5168
4 13003
4 488
4 4982
4 8263
5 36
5 7397
5 3
5 9036
5 11754
6 8798
6 2842
6 4284
6 6121
6 9575
6 10174
6 6470
6 10366
6 1
6 10572
6 7835
6 5849
7 2459
7 4148
7 6120
7 147
7 3446
7 11472
7 2377
7 6262
7 5930
7 666
7 2829
7 9984
7 5549
7 3792
7 8096
7 937
7 1404
7 4804
7 6787
7 9770
7 3947
7 6701
7 2760
7 12903
7 2606
7 2574
7 1158
7 5334
7 2292
7 7131
7 7624
7 7939
7 8445
7 9149
7 8066
7 3155
7 4536
7 7889
7 8120
7 7489
7 11847
7 7899
7 3510
7 3994
7 6522
7 10870
7 2190
7 7646
7 7367
7 1
7 4940
7 125
7 11979
7 5148
8 572
8 3178
8 4689
8 451
8 7327
8 9742
8 8275
8 12704
8 4486
8 6527
8 6786
8 7925
8 8671
8 2277
8 6782
8 6592
8 19
8 5268
8 7403
8 9627
8 10812
8 11102
8 2147
8 2538
8 12594
8 6072
8 3025
8 197
8 4783
8 9493
8 7927
8 9382
8 4030
8 7979
8 248
8 8611
8 5063
8 9009
8 11415
8 9141
8 10865
8 5648
8 8327
8 11990
8 3898
8 4422
8 5878
8 10872
8 3859
8 11716
8 7543
8 2900
8 4749
8 12801
8 10061
8 1651
8 4279
8 9035
8 9320
8 2007
8 9717
8 1206
8 3447
8 12466
8 10938
8 5608
8 8473
8 12261
8 3973
8 7560
8 1250
8 2035
8 7490
8 10205
8 5596
8 7358
8 10885
8 5762
8 751
8 5390
8 3476
8 5653
8 1676
8 5934
8 1330
8 2282
8 5214
8 5456
8 5138
8 5155
8 2985
8 8955
8 2673
8 4053
8 5742
8 8115
8 12409
8 1535
8 5191
8 9446
8 3945
8 8432
8 8393
8 8313
8 1
8 7103
8 11178
8 12602
8 4131
8 2633
8 3594
8 8917
8 11873
8 11511
8 22
8 2994
8 3287
8 3650
8 5401
8 5603
8 7223
8 7835
8 10637
8 11292
8 11904
8 942
8 1010
8 1012
8 7051
8 7232
8 11164
8 6469
8 10063
8 6105
8 5863
8 6011
8 6703
8 10468
8 10527
8 11382
8 2301
8 2594
8 4190
8 6560
8 7329
8 8111
8 2311
8 6305
8 10948
8 682
8 479
8 1132
8 1276
8 1373
8 3295
8 8902
8 11076
8 700
8 3421
8 3611
8 6065
8 7078
8 10182
8 11742
8 13045
8 11235
8 1454
8 3607
8 3705
8 6264
8 11465
8 12581
8 2249
8 5015
8 7687
8 12628
8 1831
8 8059
8 1324
8 1351
8 5686
8 6373
8 7872
8 4118
8 6767
8 7738
8 5104
8 7547
8 11016
9 7981
9 445
9 5719
9 5927
9 6262
9 11352
9 9741
9 6611
9 554
9 2
9 2382
9 3377
9 9066
9 9084
9 10090
9 11240
9 12739
9 125
9 258
9 655
9 815
9 923
9 1097
9 1233
9 1265
9 1315
9 1387
9 1572
9 1742
9 1747
9 1750
9 1929
9 2009
9 2160
9 2276
9 2311
9 2392
9 2550
9 2618
9 2809
9 2821
9 2858
9 2880
9 3351
9 3426
9 3485
9 3829
9 4039
9 4274
9 4308
9 4348
9 4428
9 5176
9 5239
9 5597
9 5623
9 5638
9 6359
9 6472
9 6536
9 6602
9 6934
9 6989
9 7062
9 7167
9 7171
9 7256
9 7807
9 7920
9 7922
9 8066
9 8442
9 8672
9 9000
9 9076
9 9176
9 9251
9 9263
9 10037
9 10084
9 10189
9 10233
9 10514
9 10656
9 10723
9 10821
9 10887
9 10894
9 10915
9 11012
9 11024
9 11185
9 11377
9 11407
9 11658
9 11696
9 11728
9 11875
9 12172
9 12209
9 12225
9 12341
9 12361
9 12367
9 12516
9 12605
9 12631
9 12865
9 12949
10 1283
10 2373
10 6099
10 11012
10 12590
10 3485
10 2550
10 11857
10 11892
10 8445
10 64
10 2686
10 5310
10 12621
10 3751
10 6922
10 12361
10 12801
10 12865
10 11774
10 2276
10 1462
10 10122
10 5532
10 13047
10 6359
10 542
10 5176
10 6495
10 6707
10 2
11 2425
11 2382
11 4963
11 8162
11 11585
11 1462
11 4106
11 3485
11 11658
11 5061
11 2
12 12029
12 1373
12 2005
12 10549
12 7116
12 4384
12 8131
12 11605
12 12135
12 346
12 6901
12 8266
12 5726
12 832
12 4489
12 3918
12 5861
12 9488
12 2285
12 9994
12 5582
12 649
12 3780
12 8102
12 3654
12 10335
12 990
12 3303
12 9799
12 9153
12 4965
12 7538
12 4984
12 8994
12 4294
12 6294
12 4
12 2418
12 4722
12 11630
12 8694
12 5090
12 3577
12 2307
12 8717
12 11576
12 8152
12 821
12 10727
12 6619
12 5440
12 3530
12 12227
12 5009
12 6377
12 10179
12 11388
12 2456
12 11580
12 9419
12 3122
12 6745
12 668
12 11299
12 7357
12 11672
12 1493
12 9648
12 8908
12 10722
12 2422
12 539
12 1954
12 3290
12 7461
12 369
12 5114
12 10833
12 91
12 6997
12 12372
12 4008
12 7785
12 12374
12 8597
12 1263
12 8065
12 11818
12 6441
12 433
12 1559
12 9298
13 291
13 11893
13 5148
13 12064
13 11006
13 2337
13 5005
13 12302
13 94
13 12346
13 3696
13 4783
13 5437
13 11482
13 8162
13 1265
13 10778
13 10964
13 12341
13 12436
13 1205
13 5225
13 7206
13 9945
13 10821
13 11185
13 458
13 8122
13 5671
13 7205
13 4082
13 10637
13 2035
13 12924
13 539
13 10752
13 42
13 569
13 1968
13 7992
13 9795
13 2270
13 3731
13 11073
13 5420
13 12060
13 160
13 634
13 886
13 2067
13 4314
13 8669
13 5833
13 11716
13 2686
13 4178
13 11127
13 11286
13 2510
