1 6393
1 13504
1 14087
1 15116
1 13755
1 20163
1 21823
1 1
1 19263
2 1
2 18330
2 21742
2 18483
2 22514
3 6911
3 7921
3 370
3 7939
3 9456
3 9857
3 10415
3 9307
3 1
3 17140
4 8771
4 2
4 6890
4 6955
4 555
4 3380
4 1518
4 2048
4 6845
4 14598
5 5028
5 18479
5 22493
5 2
5 9794
5 21531
6 8381
6 15671
6 12732
6 15145
6 17469
6 17209
6 8926
6 2
7 11667
7 13997
7 14588
7 11758
7 13980
7 14052
7 15083
7 2
7 17805
8 2
8 17514
8 18812
8 18351
8 11833
8 16748
8 18913
8 16746
8 17538
8 18902
8 20132
8 15197
8 18933
8 20686
8 17209
8 18919
8 18896
8 18018
8 20778
8 15082
8 20325
8 20759
8 18922
8 22321
8 23445
8 22773
8 22145
9 9451
9 14246
9 11045
9 17805
9 13997
9 21844
9 2
9 14077
10 12563
10 2
10 22545
10 23431
10 18982
10 18984
10 21477
11 5831
11 6393
11 6394
11 10177
11 12405
11 2
11 18892
12 9373
12 9392
12 9393
12 9833
12 10915
12 8684
12 9744
12 10090
12 10105
12 10846
12 10961
12 9091
12 13128
12 8576
12 15130
12 9588
12 14016
12 8601
12 11801
12 14139
12 11212
12 13481
12 11568
12 14432
12 10722
12 14327
12 16935
12 382
12 399
12 560
12 1288
12 1566
12 16594
12 14562
12 15157
12 16858
12 18468
12 14244
12 16536
12 15198
12 847
12 1305
12 16084
12 18877
12 20052
12 19550
12 20030
12 20098
12 16811
12 18029
12 19955
12 18441
12 12032
12 16768
12 20236
12 10028
12 2
12 18893
12 15181
12 18891
12 22697
12 22532
12 22187
12 22123
12 23630
12 23705
13 6936
13 2488
13 5551
13 8098
13 8784
13 10043
13 15179
13 2
13 18138
13 8381
13 14507
13 17634
13 17701
13 19208
14 9508
14 2
14 16684
14 19700
15 2
15 16461
15 16875
15 17167
15 18907
15 16813
15 19127
15 19003
16 3914
16 11708
16 16701
16 15261
16 13997
16 12348
16 2
16 21405
16 11833
16 15881
16 21792
16 19169
16 20043
16 22453
16 9294
16 11212
16 18786
17 17634
17 3068
17 6722
17 19209
17 21212
17 2
17 705
17 2488
17 6486
17 9721
17 10969
17 12222
17 13688
17 15107
17 16174
17 16335
17 16652
17 16934
17 19842
17 9474
17 11960
17 680
17 15169
17 15179
17 17805
17 22986
17 22668
17 18892
18 2780
18 4346
18 5459
18 5499
18 12732
18 8622
18 15716
18 22092
18 2
18 14610
18 22312
19 4999
19 5257
19 7522
19 9887
19 11641
19 12700
19 8451
19 9883
19 13500
19 11819
19 11945
19 12498
19 14246
19 11800
19 17081
19 18354
19 2
19 11557
20 10061
20 18976
20 2
20 15731
20 19127
20 17095
21 11708
21 15116
21 16232
21 14991
21 11249
21 18138
21 11935
21 2
21 6485
21 17416
21 18195
21 1140
21 13677
21 10830
21 19978
21 12839
21 14647
21 17274
21 12032
21 17601
21 18479
21 16461
21 19524
21 15839
21 18987
21 19335
21 21447
21 13279
21 20700
21 21868
21 21867
21 18548
21 9054
21 7376
21 20751
21 18981
21 21077
21 22242
21 23484
21 23105
21 22345
22 10793
22 14536
22 12296
22 12147
22 12338
22 12810
22 4644
22 8216
22 11045
22 10835
22 8740
22 8008
22 10815
22 10043
22 9036
22 16335
22 6394
22 7615
22 11994
22 13688
22 9721
22 5658
22 5048
22 6112
22 13997
22 6659
22 12822
22 14077
22 14535
22 14977
22 4062
22 6268
22 2
23 17714
23 2
23 18440
23 15179
23 16718
23 19335
23 20557
23 16420
23 23294
24 14077
24 14839
24 14699
24 8021
24 17060
24 14125
24 9716
24 2
24 14646
24 15658
24 11708
25 15102
25 15179
25 10501
25 18276
25 14833
25 18468
25 18469
25 17018
25 2
25 15084
25 18104
25 15145
25 16790
25 18931
25 17993
25 18387
25 8021
25 13656
25 21440
25 19335
25 19336
25 18909
25 22122
26 6738
26 6617
26 15577
26 14125
26 12405
26 13617
26 15531
26 2
26 17416
26 19680
26 19335
27 11756
27 15523
27 16262
27 15518
27 2
27 16458
28 15892
28 17684
28 15412
28 12032
28 10435
28 18469
28 2
28 17119
28 18483
29 10043
29 11994
29 13997
29 17805
29 18468
29 2
29 20895
29 19720
29 22429
29 18936
29 22532
29 23141
30 3
30 5935
31 3871
31 1496
31 3898
31 1529
31 400
31 4596
31 4614
31 3175
31 3299
31 2364
31 2387
31 115
31 5017
31 3965
31 2813
31 5666
31 5787
31 3221
31 5548
31 5770
31 7503
31 3
31 3900
31 3224
31 7164
31 7309
31 9590
31 9862
31 6028
31 7730
31 6214
31 4719
31 9000
31 6398
31 9743
31 4420
31 12408
31 1516
31 7130
31 7070
31 13922
31 11360
31 14082
31 14245
31 8610
31 14586
31 16219
31 12271
31 13166
31 16538
31 15940
31 17869
31 16327
31 10258
31 15155
31 18808
31 11132
31 21212
31 5788
31 23697
32 1130
32 4907
32 3841
32 4
32 6520
33 4
33 10131
33 9682
33 8610
33 16232
34 9819
34 11650
34 12082
34 12297
34 12867
34 13105
34 13567
34 14212
34 15264
34 8851
34 10224
34 10932
34 11961
34 12046
34 12522
34 12668
34 12673
34 8576
34 8648
34 8662
34 9145
34 9487
34 9639
34 9971
34 10223
34 10812
34 10817
34 11137
34 11730
34 12647
34 12694
34 13056
34 14506
34 14600
34 5
34 14390
34 14405
34 14614
34 15220
34 15391
34 15968
34 16282
34 16285
34 10880
34 15013
34 16921
35 9819
35 14912
35 5
35 10223
35 14938
35 15250
35 15272
35 15977
35 16382
35 16510
35 10221
35 15989
35 16511
35 9738
35 10099
35 12693
35 14291
35 15569
35 15975
35 15976
35 16921
35 16922
35 16837
35 11905
36 7221
36 10581
36 11467
36 11676
36 12137
36 12742
36 5
37 14871
37 10581
37 16837
37 17150
37 5
38 10276
38 12694
38 12186
38 5
38 22101
39 2046
39 2047
39 3816
39 4543
39 7766
39 8609
39 6
39 13171
39 13682
39 7
39 18186
40 10285
40 7
40 17769
40 20575
40 21217
41 11390
41 14110
41 21068
41 7
42 8202
42 3221
42 6569
42 8703
42 8616
42 8610
42 10106
42 7299
42 8608
42 11363
42 8611
42 10722
42 14388
42 15130
42 13414
42 8879
42 7
42 5912
43 21616
43 21599
43 15649
43 20025
43 20250
43 21571
43 7052
43 7723
43 7
43 15230
43 10196
43 6254
43 12959
44 3714
44 12296
44 15690
44 15580
44 7914
44 7
44 8846
45 11572
45 8
45 13441
45 18155
45 18515
45 20754
46 8
46 11950
46 12624
46 12627
46 14588
46 17318
47 8
47 13296
47 13933
47 16585
47 18482
48 17099
48 14771
48 8
48 16943
48 16946
48 17453
49 14568
49 18435
49 22214
49 22641
49 8
49 22002
50 12623
50 9997
50 11980
50 14245
50 10212
50 13916
50 15285
50 17195
50 9588
50 16536
50 8
50 16949
50 17204
50 11354
50 19073
50 15145
50 11403
50 16809
50 7797
50 18924
50 14186
50 18912
50 16748
50 9392
51 13991
51 13251
51 10355
51 16214
51 17298
51 8
51 22063
52 483
52 2786
52 10169
52 14810
52 17119
52 17450
52 17457
52 17725
52 20900
52 21808
52 8
52 11974
52 21386
52 22677
52 23005
53 9276
53 12857
53 13437
53 14329
53 14330
53 15413
53 10557
53 15701
53 8
54 13223
54 18260
54 9
54 11656
54 13108
54 19460
54 19471
54 14596
54 14920
54 17686
54 18754
54 18696
54 15731
54 15785
54 13311
54 15689
54 17357
54 9276
54 18865
54 18672
54 9932
54 5580
54 18957
54 8378
54 15055
54 18864
54 18970
54 21520
54 21715
54 18972
54 22186
55 3245
55 2699
55 9
55 11540
55 20486
55 3857
56 15055
56 23233
56 15058
56 16758
56 9414
56 9
56 1881
57 9
57 7648
57 3784
57 4357
57 4509
57 4560
57 5075
57 5878
57 6057
57 7393
57 8482
57 11160
57 11292
57 13640
57 5903
57 13942
57 182
57 3834
57 4283
57 4302
57 4702
57 5735
57 9086
57 718
57 2451
57 7677
57 8602
57 9459
57 9480
57 9997
57 10391
57 11110
57 11150
57 11534
57 12450
57 14099
57 14557
57 14840
57 16415
58 4109
58 11757
58 7451
58 4300
58 5080
58 14011
58 9
58 7312
58 8614
58 9041
58 13943
58 11434
58 8172
59 1576
59 147
59 85
59 93
59 848
59 1068
59 1881
59 4592
59 11275
59 2971
59 15026
59 19805
59 9
59 17913
59 8599
60 9
60 8596
60 9156
60 11161
60 14646
60 15127
60 182
60 18139
60 18541
60 19110
60 230
61 7784
61 8659
61 12692
61 14569
61 14887
61 14964
61 14984
61 17606
61 18389
61 4425
61 14350
61 15021
61 18599
61 9
61 12625
61 6853
61 11079
61 19752
62 7809
62 8663
62 2449
62 10250
62 11247
62 11223
62 10
62 17742
62 17737
62 11867
63 8544
63 17417
63 11179
63 11
63 14517
63 18205
63 18030
63 11365
63 21871
64 9866
64 13868
64 15721
64 11
64 3420
65 11
65 16035
65 16287
65 17162
65 20010
66 11
66 2924
66 9276
66 17686
66 18672
66 18696
66 18697
66 18700
66 21468
66 9156
66 11362
66 14159
67 16764
67 11
67 18697
67 14513
67 14569
67 17686
67 18437
67 6981
68 19143
68 11
68 7089
68 13073
68 16933
68 18166
68 14932
68 14870
68 20655
69 11348
69 12184
69 9517
69 7351
69 14330
69 11035
69 12842
69 15326
69 14381
69 11
69 16014
69 16841
69 18688
69 17251
69 21085
70 3825
70 6707
70 7130
70 10028
70 10678
70 11297
70 11989
70 14018
70 14245
70 16748
70 16756
70 18028
70 18614
70 18808
70 19001
70 19746
70 20906
70 12
70 3871
70 4325
70 4904
70 6496
70 7545
70 9090
70 10263
70 10315
70 10321
70 11352
70 11438
70 11833
70 12176
70 12213
70 12214
70 12767
70 12836
70 13724
70 13931
70 14006
70 14381
70 14423
70 14608
70 15100
70 15153
70 15178
70 15930
70 16538
70 16874
70 18140
70 3288
70 5857
70 17996
70 12844
70 18391
